

=== CLUSTER STATISTICS ===
 Cluster_ID  Size  Avg_Correlation  Avg_Raw_Score  Avg_Risk_Adj_Score  Avg_Volatility
          1    56           0.8200         0.1900            122.8100          0.0000
          2    13           0.5900         0.0300            526.4900          0.0100
          3    34           0.6500         0.2300             17.5600          0.0200
          4    13           0.6700         0.2900             18.3400          0.0200
          5    20           0.6100         0.0400              5.4200          0.0100
          6    29           0.7000         0.7500             36.3200          0.0200
          7    45           0.8200         0.6100             44.5300          0.0200
          8     6           0.8200         1.2100             70.9500          0.0200
          9    12           0.5600         0.0500             17.4700          0.0200
         10    12           0.3400        -0.2900             -9.8600          0.0300
         11    51           0.7000        -0.4300            -16.0400          0.0300
         12    25           0.7500        -0.3700            -20.2600          0.0200
         13    43           0.6900        -0.1700             -6.8800          0.0200
         14    20           0.6800         1.2300             86.7000          0.0200
         15    24           0.7600        -0.2100             -6.8000          0.0400
         16    14           0.5300         0.4100             21.1100          0.0200
         17     6           0.5700         0.2900             27.8200          0.0300
         18    11           0.2200        -0.5400            -14.5900          0.0300
         19    63           0.7700        -0.2300             -8.5000          0.0300
         20     5           0.8000        -0.3300             -9.4300          0.0400
         21     5           0.3900         0.3700             23.6000          0.0300
         22     8           0.7400        -0.3200             -6.9000          0.0300
         23     4           0.7700        -0.1900             -7.3000          0.0300
         24    27           0.6800        -0.3700             -9.5100          0.0400
         25    13           0.7200        -0.3300             -9.3800          0.0500
         26    13           0.6600         0.3800             29.0300          0.0200
         27     9           0.5200         0.2300             12.3100          0.0200
         28    14           0.7200         0.1900             12.3900          0.0200
         29    18           0.5300        -0.3000            -12.5300          0.0200
         30    48           0.7400        -0.3800            -23.4700          0.0200
         31     5           0.7100         0.4400           1066.2200          0.0200
         32     5           0.6700        -0.1000             -3.4900          0.0200
         33    34           0.6700        -0.3900            -28.3500          0.0200
         34    74           0.8300        -0.3400             16.4400          0.0200
         35    13           0.6100        -0.3300            -11.1900          0.0300
         36    32           0.6700         0.1400             12.6300          0.0100
         37    13           0.7300        -0.0900             -4.8800          0.0100
         38     8           0.6700         0.2300            709.8700          0.0100
         39    15           0.7300         0.7900             60.6700          0.0100
         40    15           0.6800         0.6400             54.3700          0.0100
         41     7           0.5200         0.4600             50.9500          0.0200
         42    24           0.6900        -0.3200            -14.9500          0.0200
         43    12           0.5300        -0.4000            -18.7100          0.0200
         44    21           0.5600        -0.2300            328.5200          0.0200
         45     6           0.2300         0.5700             22.0400          0.0400
         46     6           0.2400         0.7900             37.2500          0.0200
         47     5           0.2800         0.4600           1436.4400          0.0100
         48     5           0.5700         0.2400              9.9500          0.0200
         49     3           0.3100         0.6000             41.4700          0.0200
         50     3           0.2200         0.8600             70.0300          0.0200
         51     6           0.1900        -0.3500              0.3700          0.0400
         52     6           0.6100         0.4300             34.4900          0.0200
         53     6           0.6200        -0.0600             -3.9900          0.0200
         54    19           0.6500         0.0900             15.8300          0.0200
         55    11           0.4700         0.0600             12.3500          0.0200
         56     5           0.5900        -0.2000             -7.7700          0.0200
         57     7           0.6400        -0.4000            -22.2800          0.0200
         58     7           0.5000         0.1200              6.1300          0.0200
         59    11           0.6300        -0.1400             -4.3900          0.0200
         60     5           0.5700        -0.0600             48.3700          0.0200

=== DETAILED CLUSTERS ===
 Cluster_ID Ticker  Raw_Score  Risk_Adj_Score  Volatility
          1   ICSH     0.4937       1678.4130      0.0003
          1   FTSM     0.3325       1357.3493      0.0002
          1   VGSH     0.3906        440.7065      0.0009
          1    SHY     0.3780        439.2177      0.0009
          1   IBDR     0.2503        429.3904      0.0006
          1   SPTS     0.4086        409.3519      0.0010
          1   VTIP     0.3917        353.9414      0.0011
          1   SCHO     0.3404        316.2509      0.0011
          1    BSV     0.3394        255.3419      0.0013
          1   SPSB     0.1934        229.4248      0.0008
          1   IGSB     0.2195        188.8003      0.0012
          1   UCON     0.2342        177.1705      0.0013
          1   VCSH     0.1638        154.2222      0.0011
          1    IEI     0.3492        147.0180      0.0024
          1   SPTI     0.3441        129.9483      0.0026
          1   VGIT     0.3297        122.6790      0.0027
          1   SCHR     0.3065        110.0777      0.0028
          1   PYLD     0.1797         98.5785      0.0018
          1   GOVT     0.2486         80.7096      0.0031
          1    BIV     0.2201         73.5253      0.0030
          1    IEF     0.2864         73.5251      0.0039
          1    MCK     0.9324         73.2870      0.0127
          1   SPIB     0.1278         70.4993      0.0018
          1   SCHZ     0.2048         70.4289      0.0029
          1   SPAB     0.2057         70.0433      0.0029
          1   SPMB     0.2148         67.2665      0.0032
          1    BND     0.1957         66.6049      0.0029
          1    AGG     0.1956         65.3005      0.0030
          1   IUSB     0.1715         64.0146      0.0027
          1   VMBS     0.1963         61.2771      0.0032
          1    TIP     0.1751         61.2669      0.0029
          1   FIXD     0.1964         59.6426      0.0033
          1   FBND     0.1706         58.3050      0.0029
          1    COR     0.7146         56.4590      0.0127
          1   SCHP     0.1562         55.5724      0.0028
          1    MBB     0.1723         54.6322      0.0032
          1   JCPB     0.1384         53.4389      0.0026
          1   DFCF     0.1286         47.5269      0.0027
          1   IGIB     0.1128         41.1739      0.0027
          1    TLH     0.2164         34.2378      0.0063
          1   VCIT     0.0911         33.2092      0.0027
          1   SCHI     0.0844         30.3249      0.0028
          1   USIG     0.0804         27.6574      0.0029
          1   SPTL     0.1753         24.3995      0.0072
          1   VGLT     0.1725         23.8530      0.0072
          1    TLT     0.1520         19.3570      0.0079
          1    BLV     0.1148         18.6294      0.0062
          1   CGCP     0.0320         14.9034      0.0021
          1    LQD     0.0476         13.3668      0.0036
          1    EDV     0.1018          9.0023      0.0113
          1    TMF    -0.0066         -0.2801      0.0234
          1   VCLT    -0.0036         -0.6853      0.0053
          1    HYD    -0.0066         -2.2969      0.0029
          1   BNDX    -0.2050        -73.0722      0.0028
          1   BSCR    -0.5609       -546.0303      0.0010
          1   BSCQ    -0.6035      -1111.6857      0.0005
          2   TBIL     0.6113       3314.3945      0.0002
          2   PULS     0.4727       1757.3493      0.0003
          2   VUSB     0.6440       1444.8979      0.0004
          2   JPST     0.3227        828.5918      0.0004
          2    EMB     0.1409         48.7444      0.0029
          2   EXEL     0.1077          5.1333      0.0210
          2   KVUE    -0.0103         -0.6901      0.0150
          2    ABT    -0.3639        -23.9334      0.0152
          2    PPC    -0.6344        -26.8875      0.0236
          2    MUB    -0.0994        -46.7333      0.0021
          2   BINC    -0.1289       -118.1529      0.0011
          2   VTEB    -0.2997       -142.5261      0.0021
          2    TFI    -0.4282       -195.7891      0.0022
          3     MO     1.0664         86.0224      0.0124
          3    EXC     1.0251         83.9123      0.0122
          3    DUK     0.9215         82.0707      0.0112
          3     ED     1.0803         64.9031      0.0166
          3    CMS     0.6623         52.7639      0.0126
          3    WEC     0.6846         46.7113      0.0147
          3    AWK     0.8860         43.2026      0.0205
          3    AEP     0.6217         40.9458      0.0152
          3     SO     0.5870         39.6925      0.0148
          3   WTRG     0.6726         39.6812      0.0169
          3     UL     0.3793         32.7063      0.0116
          3      T     0.6411         32.4920      0.0197
          3     CI     0.4467         26.5896      0.0168
          3    DGX     0.3654         25.2092      0.0145
          3     ES     0.4310         23.5259      0.0183
          3    NEE     0.3035         15.5808      0.0195
          3     VZ     0.2798         11.9096      0.0235
          3    HRL     0.1194          7.8969      0.0151
          3   TMUS     0.1272          7.4906      0.0170
          3      D     0.1032          5.7802      0.0178
          3    TAP     0.0759          3.5737      0.0212
          3    SCI     0.0338          1.6206      0.0208
          3    SJM     0.0112          0.5618      0.0199
          3     TU    -0.1219         -8.0838      0.0151
          3   VRSK    -0.1037         -8.2221      0.0126
          3    KHC    -0.2070        -11.1088      0.0186
          3    SYY    -0.1790        -12.8220      0.0140
          3    CAG    -0.3008        -14.0283      0.0214
          3    RMD    -0.2923        -14.0600      0.0208
          3    DVA    -0.3681        -14.3151      0.0257
          3    GIS    -0.4349        -20.3371      0.0214
          3    CPB    -0.5392        -22.6152      0.0238
          3    ZTS    -0.4234        -23.6005      0.0179
          3   TSCO    -0.6049        -28.6117      0.0211
          4    VOD     1.2835         75.3354      0.0170
          4    GSK     0.9631         66.2146      0.0145
          4   AMGN     0.5654         38.7014      0.0146
          4    ZBH     0.5867         30.0071      0.0196
          4     GD     0.3707         22.8137      0.0162
          4    LMT     0.2507         16.7261      0.0150
          4    NOC     0.2367         11.8713      0.0199
          4    NVS     0.1564         10.5768      0.0148
          4    LHX     0.1356          9.8338      0.0138
          4    HCA     0.1149          5.1047      0.0225
          4   BF-B     0.0522          1.6483      0.0317
          4   BIIB    -0.4283        -23.5801      0.0182
          4   HSIC    -0.5172        -26.7797      0.0193
          5   ABBV     0.8882         80.0200      0.0111
          5    CME     0.7193         58.9990      0.0122
          5   GILD     0.4607         32.3502      0.0142
          5    JNJ     0.2983         30.4247      0.0098
          5   CBOE     0.3335         19.0190      0.0175
          5     KO     0.1806         15.5486      0.0116
          5    KMB     0.1467         10.3052      0.0142
          5   BMRN     0.0891          5.8224      0.0153
          5    CHD     0.0672          5.2959      0.0127
          5    BMY     0.0450          2.4712      0.0182
          5    TSN     0.0100          0.8513      0.0117
          5   MDLZ    -0.0058         -0.3429      0.0170
          5    MKC    -0.1583        -10.3855      0.0152
          5    PEP    -0.1616        -11.2257      0.0144
          5    HSY    -0.2562        -11.2555      0.0228
          5     CL    -0.2393        -12.7318      0.0188
          5     PG    -0.2267        -18.3831      0.0123
          5    CLX    -0.3931        -28.0659      0.0140
          5    XLP    -0.2910        -30.1683      0.0096
          5   REGN    -0.6974        -30.2383      0.0231
          6     KT     1.6031        113.6737      0.0141
          6   FNDE     1.2185        107.6956      0.0113
          6    FXI     1.4834         79.0776      0.0188
          6   MCHI     1.3768         71.4482      0.0193
          6   SCCO     1.2336         53.7133      0.0230
          6   SCHE     0.5689         49.4209      0.0115
          6   SPEM     0.5279         46.1335      0.0114
          6    EEM     0.5540         45.3082      0.0122
          6    VWO     0.5268         45.1256      0.0117
          6   DFAE     0.5076         44.7528      0.0113
          6   DFEM     0.4742         43.1736      0.0110
          6   IEMG     0.5064         42.4951      0.0119
          6   BABA     1.4544         39.4557      0.0369
          6   KWEB     0.8981         34.0386      0.0264
          6    FCX     1.1289         33.4587      0.0337
          6    YMM     1.2287         33.3775      0.0368
          6   TECK     1.0309         33.0516      0.0312
          6    PDD     0.8769         31.0945      0.0282
          6     MT     1.1482         30.2110      0.0380
          6     JD     0.9695         28.8253      0.0336
          6   BEKE     1.1740         27.1631      0.0432
          6   VALE     0.5757         23.6096      0.0244
          6   BIDU     0.4693         18.2298      0.0257
          6   FUTU     0.9095         16.8258      0.0541
          6    TME     0.2074          5.9439      0.0349
          6     CX     0.0104          0.3949      0.0263
          6   INDA    -0.0112         -1.3479      0.0083
          6    GME    -0.5185        -16.8229      0.0308
          6    SUZ    -0.2873        -26.1874      0.0110
          7    EFV     0.9902        103.8378      0.0095
          7    EWU     0.8705         90.5985      0.0096
          7   DFIV     0.8837         84.5868      0.0104
          7    ING     1.5483         76.8036      0.0202
          7   FNDF     0.7639         76.0279      0.0100
          7   BBVA     1.5393         73.6692      0.0209
          7   DFIC     0.7045         67.6368      0.0104
          7   DFAX     0.6532         66.3397      0.0098
          7    SCZ     0.6500         61.1801      0.0106
          7    HMC     1.0095         60.6439      0.0166
          7   IEUR     0.7179         60.1165      0.0119
          7    NOK     1.1584         59.9843      0.0193
          7    EZU     0.8203         58.7533      0.0140
          7   DFAI     0.6060         58.5822      0.0103
          7    VGK     0.7036         57.8765      0.0122
          7   IEFA     0.6288         57.5332      0.0109
          7    SAN     1.4317         57.1145      0.0251
          7    EFA     0.6246         56.6704      0.0110
          7    PUK     1.1075         55.6084      0.0199
          7    VEU     0.5660         53.2161      0.0106
          7   ACWX     0.5589         52.3799      0.0107
          7   VXUS     0.5432         51.6645      0.0105
          7    FEZ     0.7275         51.2986      0.0142
          7   SCHF     0.5491         50.8989      0.0108
          7   IXUS     0.5425         50.2859      0.0108
          7    VEA     0.5486         50.1511      0.0109
          7   IDEV     0.5449         49.4879      0.0110
          7   SPDW     0.5343         48.8259      0.0109
          7   BBJP     0.5382         48.7009      0.0111
          7   IQLT     0.4906         48.2615      0.0102
          7    EWJ     0.5259         46.3359      0.0113
          7   HSBC     0.7739         43.8880      0.0176
          7     DB     1.4946         42.4902      0.0352
          7   HEFA     0.3941         39.2178      0.0100
          7   DBEF     0.3526         35.4594      0.0099
          7    NWG     0.6940         26.6165      0.0261
          7    EFG     0.2945         22.7738      0.0129
          7    BCS     0.5695         19.1819      0.0297
          7   CGXU     0.2286         14.5666      0.0157
          7  RYAAY     0.2516         10.5306      0.0239
          7   ERIC     0.1969          8.2271      0.0239
          7    UBS     0.0990          3.9416      0.0251
          7    SAP    -0.0882         -3.8264      0.0231
          7    WIT    -0.8403        -51.0733      0.0165
          7   INFY    -1.1135        -93.4051      0.0119
          8    EBR     1.5483        110.6054      0.0140
          8    SBS     1.3647         90.3175      0.0151
          8   ITUB     1.3671         73.2866      0.0187
          8    EWZ     1.2343         70.6174      0.0175
          8    VIV     0.8266         41.2984      0.0200
          8    BBD     0.9329         39.5578      0.0236
          9   SHEL     1.6029        187.7487      0.0085
          9     BP     0.9481         60.2751      0.0157
          9     EC     0.8398         34.0433      0.0247
          9     TD     0.3857         33.3150      0.0116
          9  PBR-A     0.4800         23.8656      0.0201
          9    PBR     0.3821         17.6864      0.0216
          9   DUOL    -0.7323        -13.8294      0.0530
          9   CART    -0.5811        -16.9242      0.0343
          9   KEYS    -0.4698        -24.0759      0.0195
          9   NTAP    -0.8372        -25.5887      0.0327
          9    ROK    -0.6233        -29.5116      0.0211
          9    HPQ    -0.7864        -37.3203      0.0211
         10    AJG     0.3780         27.4793      0.0138
         10     KR     0.2384         13.2324      0.0180
         10   GWRE     0.1977          6.2564      0.0316
         10     DG     0.1566          4.5238      0.0346
         10    IOT    -0.6482        -13.6720      0.0474
         10    VMC    -0.3075        -14.6311      0.0210
         10    WDS    -0.2715        -16.4945      0.0165
         10    LLY    -0.3768        -18.2651      0.0206
         10  FWONK    -0.4708        -20.6557      0.0228
         10    COO    -0.6455        -23.5431      0.0274
         10    HPE    -1.0163        -27.7003      0.0367
         10   COST    -0.7263        -34.8783      0.0208
         11   MPLX     0.4523         35.5526      0.0127
         11    MMM     0.4707         25.5250      0.0184
         11    HDB     0.2362         20.7584      0.0114
         11     GE     0.3246         19.1443      0.0170
         11   SMMT     0.7549         13.5737      0.0556
         11    HWM     0.1828          7.0716      0.0258
         11    EQH     0.0992          3.7972      0.0261
         11    MFC     0.0643          2.7476      0.0234
         11    CRH     0.0167          0.5848      0.0286
         11   NFLX     0.0164          0.5764      0.0284
         11   CRBG    -0.0107         -0.3745      0.0287
         11    JCI    -0.0179         -0.8613      0.0207
         11   DASH    -0.1075         -3.6948      0.0291
         11   CHWY    -0.2535         -7.5688      0.0335
         11   TOST    -0.3175         -8.3691      0.0379
         11   ESTC    -0.5423        -10.9438      0.0496
         11    WCC    -0.3693        -12.5807      0.0294
         11    COF    -0.3642        -13.2504      0.0275
         11    DFS    -0.4199        -14.3386      0.0293
         11   USFD    -0.2728        -14.7101      0.0185
         11   META    -0.3906        -15.6463      0.0250
         11   SHOP    -0.6771        -17.7847      0.0381
         11    APO    -0.5133        -18.3960      0.0279
         11     CG    -0.6348        -18.9767      0.0335
         11   TWLO    -0.8132        -19.4306      0.0419
         11   KVYO    -0.9244        -20.3082      0.0455
         11    DOV    -0.4228        -20.6260      0.0205
         11   CBRE    -0.4973        -20.6505      0.0241
         11    KKR    -0.8200        -23.0180      0.0356
         11    OWL    -0.6484        -23.7931      0.0273
         11    AXP    -0.5096        -23.8613      0.0214
         11   PFGC    -0.5116        -24.4209      0.0209
         11    CRM    -0.5727        -25.1539      0.0228
         11     SN    -0.7568        -25.4391      0.0297
         11     BN    -0.6237        -25.5870      0.0244
         11    TRU    -0.6702        -25.9715      0.0258
         11   NDAQ    -0.4360        -27.2434      0.0160
         11   RIVN    -0.8123        -28.2277      0.0288
         11    BAM    -0.7894        -28.4322      0.0278
         11   ARES    -0.9109        -28.9324      0.0315
         11    SYF    -0.7145        -30.1168      0.0237
         11     BX    -0.7097        -30.8927      0.0230
         11    CMG    -0.5895        -30.9045      0.0191
         11     CM    -0.4590        -31.4724      0.0146
         11    TPG    -1.0215        -33.2174      0.0307
         11   CAVA    -1.5581        -34.1982      0.0456
         11    KNX    -0.6742        -39.0558      0.0173
         11    LYV    -1.0168        -39.7698      0.0256
         11    SPG    -0.7180        -39.9444      0.0180
         11   BIRK    -1.0823        -41.8977      0.0258
         11    BNS    -0.4226        -47.2917      0.0089
         12    ICE     0.7448         82.1849      0.0091
         12    PFG    -0.0011         -0.0698      0.0161
         12   REXR    -0.0197         -1.3025      0.0151
         12    MET    -0.0575         -2.9304      0.0196
         12    PRU    -0.1954        -10.8845      0.0180
         12    XLF    -0.1650        -12.5789      0.0131
         12    BLK    -0.2478        -14.7448      0.0168
         12   SPGI    -0.2312        -16.5813      0.0139
         12    BAC    -0.3510        -16.8452      0.0208
         12    KRE    -0.3854        -22.5272      0.0171
         12   NWSA    -0.3436        -23.0897      0.0149
         12   KBWB    -0.4623        -24.7149      0.0187
         12    JPM    -0.5283        -27.9608      0.0189
         12   HBAN    -0.5245        -28.6127      0.0183
         12    MTB    -0.4755        -29.9677      0.0159
         12    FDX    -0.4959        -30.4673      0.0163
         12    SSB    -0.5076        -32.2101      0.0158
         12    STT    -0.6170        -33.5799      0.0184
         12    PNC    -0.5757        -34.4342      0.0167
         12    USB    -0.6533        -34.9335      0.0187
         12     RF    -0.5636        -35.7643      0.0158
         12    TFC    -0.6287        -35.9874      0.0175
         12    MCO    -0.5986        -37.8145      0.0158
         12    WMT    -0.7692        -39.7481      0.0194
         12   FITB    -0.7034        -40.9976      0.0172
         13   MUFG     1.7069         98.7690      0.0173
         13   SMFG     1.0761         67.0414      0.0161
         13    MFG     1.0355         57.6638      0.0180
         13    CAH     0.4876         43.7754      0.0111
         13    PGX     0.1422         30.3622      0.0047
         13     TS     0.5240         24.2864      0.0216
         13      X     0.5730         20.8492      0.0275
         13    AEG     0.5072         20.0308      0.0253
         13     BA     0.4076         15.8460      0.0257
         13    RKT     0.8660         15.3682      0.0563
         13   SCHW     0.1999          8.5746      0.0233
         13   STLD     0.1705          7.9632      0.0214
         13    NUE     0.0799          3.6683      0.0218
         13     AS     0.0224          0.6902      0.0325
         13    WFC    -0.0822         -3.4806      0.0236
         13    FHN    -0.1457         -5.4623      0.0267
         13     IP    -0.1604         -7.0189      0.0229
         13   CPNG    -0.1739         -8.5975      0.0202
         13    WAL    -0.3254        -12.5341      0.0260
         13    RCL    -0.3759        -13.7916      0.0273
         13    PFF    -0.0616        -14.5371      0.0042
         13    HQY    -0.3555        -15.2916      0.0232
         13    WBS    -0.4202        -16.2279      0.0259
         13   EWBC    -0.3204        -16.4907      0.0194
         13    KEY    -0.3448        -17.1276      0.0201
         13     MS    -0.4759        -18.2391      0.0261
         13    TPR    -0.4951        -19.2755      0.0257
         13    RJF    -0.3474        -19.8049      0.0175
         13     SF    -0.4782        -21.3221      0.0224
         13      C    -0.4736        -22.0923      0.0214
         13     GS    -0.5431        -23.4597      0.0231
         13    CMA    -0.4425        -23.6595      0.0187
         13    CCL    -0.7756        -23.6716      0.0328
         13    CFG    -0.5222        -28.5356      0.0183
         13     RL    -0.7629        -28.7583      0.0265
         13    JEF    -0.7447        -28.8015      0.0259
         13    BSY    -0.5920        -30.4179      0.0195
         13   ADSK    -0.6618        -36.2004      0.0183
         13   NCLH    -1.1138        -36.5728      0.0305
         13    PNR    -0.6873        -42.6642      0.0161
         13    XPO    -1.0049        -48.4470      0.0207
         13   DECK    -1.4043        -54.2717      0.0259
         13   CPRT    -0.6941        -73.9644      0.0094
         14   PHYS     1.5391        207.8564      0.0074
         14   GLDM     1.4823        177.7048      0.0083
         14   SGOL     1.4789        176.5683      0.0084
         14    IAU     1.4677        175.0791      0.0084
         14    GLD     1.4713        174.2115      0.0084
         14    WPM     1.8134        122.9768      0.0147
         14    AEM     1.5933         88.5726      0.0180
         14    GDX     1.5897         84.7452      0.0188
         14    AGI     1.8133         84.5064      0.0215
         14    SLV     1.0169         77.5542      0.0131
         14   GDXJ     1.6231         68.3559      0.0237
         14    NEM     1.3580         59.1288      0.0230
         14   GOLD     0.9273         52.4491      0.0177
         14   PAAS     1.2867         47.7099      0.0270
         14     AU     1.0184         41.8865      0.0243
         14    GFI     0.9176         36.6359      0.0250
         14    KGC     0.8277         29.6531      0.0279
         14    HMY     1.0365         29.5321      0.0351
         14   INTC     1.3316         25.0879      0.0531
         14   FSLR    -0.9216        -26.2247      0.0351
         15    PWR     0.4262         14.6369      0.0291
         15    TLN     0.5564          9.8059      0.0567
         15   NVDA     0.3776          9.0729      0.0416
         15   NVDL     0.6397          7.7343      0.0827
         15    NRG     0.1542          3.7893      0.0407
         15    ETN     0.0304          1.1186      0.0272
         15   CRWD    -0.0865         -1.9456      0.0444
         15   AVGO    -0.1089         -2.7665      0.0394
         15   CRDO    -0.2534         -3.1562      0.0803
         15    VST    -0.1987         -3.6784      0.0540
         15    CLS    -0.2753         -4.6905      0.0587
         15    MTZ    -0.1917         -5.3716      0.0357
         15    VRT    -0.4513         -8.6865      0.0520
         15    CCJ    -0.2503         -9.3603      0.0267
         15    APH    -0.2334        -10.3926      0.0225
         15    NVT    -0.3467        -12.6720      0.0274
         15   ANET    -0.4796        -12.9435      0.0371
         15   FLEX    -0.4322        -15.7037      0.0275
         15    CEG    -0.6573        -15.7860      0.0416
         15   BWXT    -0.3324        -15.9676      0.0208
         15    DLR    -0.3788        -16.1963      0.0234
         15    IRM    -0.3748        -16.7641      0.0224
         15   COHR    -1.1358        -24.3943      0.0466
         15   CIEN    -1.0822        -28.7866      0.0376
         16    KMI     0.8817         67.8038      0.0130
         16    ETR     1.0353         57.6714      0.0180
         16    EXE     0.9835         51.9747      0.0189
         16     AR     1.0645         40.3243      0.0264
         16    WMB     0.5609         31.2722      0.0179
         16    RRC     0.5430         21.9121      0.0248
         16    EQT     0.5286         18.8104      0.0281
         16    DTM     0.3838         16.7543      0.0229
         16     ET     0.2537         12.4003      0.0205
         16   TRGP     0.2038          8.8550      0.0230
         16    WDC    -0.0926         -2.7703      0.0334
         16    CRS    -0.1314         -3.7576      0.0350
         16   KNTK    -0.2025         -8.2716      0.0245
         16    BCE    -0.3193        -17.4279      0.0183
         17    IBN     1.2870        129.0385      0.0100
         17    AER     0.5592         28.3084      0.0198
         17    LUV     0.6746         24.6195      0.0274
         17   TEVA     0.0209          0.6385      0.0327
         17   MMYT    -0.0470         -1.5885      0.0296
         17   FTAI    -0.7413        -14.0745      0.0527
         18     BJ     0.4038         12.7079      0.0318
         18     BG     0.0959          5.7936      0.0166
         18   RBLX    -0.3138        -10.1139      0.0310
         18   ONON    -0.3655        -10.8677      0.0336
         18    ADM    -0.3145        -14.1815      0.0222
         18   DKNG    -0.6444        -16.5529      0.0389
         18    MDB    -1.3243        -20.2396      0.0654
         18   MRVL    -1.1482        -20.9329      0.0549
         18    TKO    -0.6003        -25.5366      0.0235
         18   ROKU    -1.1441        -29.9989      0.0381
         18    SGI    -0.6189        -30.5635      0.0202
         19    CNQ     0.4832         26.7156      0.0181
         19    EWY     0.3807         23.0967      0.0165
         19     MU     0.7715         18.4010      0.0419
         19   KLAC     0.4263         16.1252      0.0264
         19   CDNS     0.3179         14.1448      0.0225
         19    YPF     0.3661         11.4166      0.0321
         19   EMXC     0.1265         11.3689      0.0111
         19   GGAL     0.3507         10.5098      0.0334
         19   LRCX     0.1778          5.4704      0.0325
         19   PLTR     0.3238          5.2491      0.0617
         19   ASML     0.0766          2.7613      0.0277
         19   SMCI     0.0968          1.2394      0.0781
         19   AMAT     0.0191          0.7235      0.0264
         19     AA     0.0122          0.3887      0.0313
         19   MPWR     0.0007          0.0186      0.0391
         19    SMH    -0.0006         -0.0210      0.0266
         19   LSCC    -0.0375         -1.2144      0.0309
         19   CIBR    -0.0260         -1.3650      0.0190
         19    EWT    -0.0478         -3.0780      0.0155
         19   ENTG    -0.1000         -3.3595      0.0298
         19   QCOM    -0.0772         -3.6238      0.0213
         19   UBER    -0.0989         -3.9121      0.0253
         19   SOXX    -0.1486         -5.9051      0.0252
         19    ASX    -0.1868         -6.8489      0.0273
         19   PSTG    -0.2786         -7.2931      0.0382
         19   DELL    -0.2812         -8.7919      0.0320
         19    CWB    -0.0820         -9.2190      0.0089
         19   HOOD    -0.7212        -10.1854      0.0708
         19    AMD    -0.2749        -10.8811      0.0253
         19    TSM    -0.3155        -11.0863      0.0285
         19   SOXL    -0.8495        -11.4969      0.0739
         19   SOFI    -0.5576        -11.6551      0.0478
         19   SPMO    -0.1738        -12.0724      0.0144
         19    XLK    -0.2538        -12.6753      0.0200
         19   MTUM    -0.2338        -12.6955      0.0184
         19   MBLY    -0.4631        -12.9368      0.0358
         19   SNPS    -0.3012        -13.1632      0.0229
         19    IYW    -0.2853        -13.7084      0.0208
         19   FNGA    -0.9643        -13.8337      0.0697
         19    IGV    -0.3509        -14.8787      0.0236
         19   CVNA    -0.8613        -15.1279      0.0569
         19    ARM    -0.6499        -15.6225      0.0416
         19    SYM    -0.7086        -15.7108      0.0451
         19    IVW    -0.3059        -17.4783      0.0175
         19   SPYG    -0.3078        -17.6528      0.0174
         19   QYLD    -0.2864        -17.9564      0.0159
         19    QLD    -0.6545        -19.7370      0.0332
         19   TQQQ    -0.9858        -19.9071      0.0495
         19   JEPQ    -0.3030        -19.9437      0.0152
         19   CGGR    -0.3697        -20.1006      0.0184
         19    QQQ    -0.3368        -20.1006      0.0168
         19   FBCG    -0.4403        -20.5287      0.0214
         19   QQQM    -0.3409        -20.5861      0.0166
         19   ARKK    -0.7488        -21.3455      0.0351
         19    SKX    -0.5611        -21.3673      0.0263
         19    IWP    -0.4170        -21.4758      0.0194
         19   SCHG    -0.3829        -21.6958      0.0176
         19    IWF    -0.3831        -21.8502      0.0175
         19    VUG    -0.3943        -22.5462      0.0175
         19   GOOG    -0.4488        -23.1996      0.0193
         19   VONG    -0.3986        -23.3766      0.0171
         19  GOOGL    -0.4726        -24.2959      0.0194
         19   AMZN    -0.4699        -25.4769      0.0184
         20     NU     0.4623         10.0900      0.0458
         20    SFM    -0.3238         -9.9162      0.0327
         20   AKAM    -0.4483        -11.6586      0.0385
         20    DBX    -0.3953        -12.9636      0.0305
         20    XYZ    -0.9565        -22.7260      0.0421
         21    BUD     1.6431        108.5601      0.0151
         21    MRK     0.2059         15.0816      0.0136
         21   AXON     0.2160          4.3640      0.0495
         21   INTU     0.1094          3.7609      0.0291
         21   WDAY    -0.3132        -13.7836      0.0227
         22      G     0.2610         16.3595      0.0160
         22   TTWO     0.3024         15.6671      0.0193
         22   DOCS     0.0918          1.9201      0.0478
         22   PINS    -0.4262        -10.9042      0.0391
         22   SSNC    -0.1895        -12.0788      0.0157
         22   AFRM    -0.8017        -14.9251      0.0537
         22    NET    -0.8996        -23.3338      0.0386
         22   EXPE    -0.8755        -27.9251      0.0313
         23   PLNT    -0.0158         -0.6933      0.0228
         23   TCOM    -0.0453         -1.5227      0.0297
         23    SRE    -0.4091        -12.3016      0.0333
         23     ZM    -0.3072        -14.6705      0.0209
         24   SPOT     1.1756         29.0884      0.0404
         24   SONY     0.5955         27.6613      0.0215
         24   PRMB     0.1611          7.6452      0.0211
         24   NTNX     0.1644          4.4106      0.0373
         24    APP    -0.1216         -1.6412      0.0741
         24    BSX    -0.0361         -1.9006      0.0190
         24   NTRA    -0.0742         -2.1939      0.0338
         24   BROS    -0.1221         -2.3447      0.0521
         24   PANW    -0.0578         -2.6282      0.0220
         24   MNDY    -0.1935         -4.0942      0.0473
         24     KD    -0.1233         -4.8624      0.0254
         24   GRAB    -0.2051         -4.8806      0.0420
         24   SNOW    -0.2666         -6.9748      0.0382
         24   CFLT    -0.4786         -9.0973      0.0526
         24   RKLB    -0.6329        -11.1119      0.0570
         24    NOW    -0.4495        -13.6952      0.0328
         24     EW    -0.2356        -15.7677      0.0149
         24   BRBR    -0.4103        -16.4638      0.0249
         24   FLUT    -0.5119        -16.7030      0.0306
         24   FTNT    -0.4295        -17.5872      0.0244
         24   TSLA    -0.9307        -17.7853      0.0523
         24   TSLL    -1.9200        -18.3232      0.1048
         24   TEAM    -1.1065        -24.7042      0.0448
         24    WIX    -0.9788        -31.6372      0.0309
         24   DXCM    -0.9198        -31.7438      0.0290
         24   ISRG    -0.8531        -32.2150      0.0265
         24     DT    -0.9045        -37.1749      0.0243
         25   OKTA     1.2393         21.9556      0.0564
         25   MSTR     0.6412          8.4650      0.0757
         25     SE     0.1371          3.6900      0.0372
         25     ZS    -0.0920         -3.0307      0.0304
         25   ASTS    -0.3596         -4.8817      0.0737
         25   IBIT    -0.3429         -9.1373      0.0375
         25   FBTC    -0.3413         -9.1457      0.0373
         25   GBTC    -0.3554         -9.4950      0.0374
         25   ARKB    -0.3504         -9.5424      0.0367
         25   GTLB    -0.8460        -18.7214      0.0452
         25   IBKR    -0.9616        -23.4641      0.0410
         25   COIN    -1.5214        -26.4633      0.0575
         25   DDOG    -1.1419        -42.1332      0.0271
         26   HESM     1.2733         87.2155      0.0146
         26    IGF     0.4176         46.1357      0.0090
         26   AMLP     0.4228         40.7167      0.0104
         26    XLU     0.4291         37.2475      0.0115
         26    EPD     0.3663         33.7358      0.0109
         26   EQNR     0.6343         32.0073      0.0198
         26   CTRA     0.5731         30.4345      0.0188
         26   PAGP     0.3406         25.2718      0.0135
         26    PEG     0.3174         21.8992      0.0145
         26    WES     0.4148         21.1273      0.0196
         26    PAA     0.2800         18.2059      0.0154
         26    LNG     0.1868          8.7778      0.0213
         26    DAY    -0.6783        -25.4249      0.0267
         27    SNY     0.7935         60.6937      0.0131
         27    COP     0.4784         20.8671      0.0229
         27    FTI     0.3886         15.8728      0.0245
         27     PR     0.2150          6.8587      0.0313
         27   FANG     0.1121          5.1936      0.0216
         27    OVV     0.1540          5.0769      0.0303
         27    CVE     0.0467          1.7650      0.0264
         27    BKR     0.0135          0.6910      0.0196
         27   VNOM    -0.1492         -6.2013      0.0241
         28    CVX     0.5400         37.1622      0.0145
         28    HES     0.4312         26.5845      0.0162
         28    XOM     0.4282         25.8691      0.0166
         28    XLE     0.3497         24.1931      0.0145
         28   PDBC     0.1345         23.2173      0.0058
         28    PSX     0.3178         15.8554      0.0200
         28     SU     0.2681         14.8263      0.0181
         28    VLO     0.2599         12.1809      0.0213
         28    SLB     0.2303         11.9910      0.0192
         28    DVN     0.0002          0.0093      0.0226
         28    MPC    -0.0107         -0.5059      0.0212
         28    EOG    -0.0676         -3.7666      0.0180
         28    OXY    -0.1240         -6.3853      0.0194
         28    HAL    -0.1512         -7.8387      0.0193
         29    AZN     1.0726         87.4029      0.0123
         29    LYG     0.9493         40.2220      0.0236
         29    CRL     0.1225          5.1190      0.0239
         29     CP     0.0207          0.9616      0.0216
         29   MRNA    -0.2682         -5.5351      0.0485
         29   ICLR    -0.2307         -9.7965      0.0235
         29    CNI    -0.1710         -9.8862      0.0173
         29   GMAB    -0.3878        -11.4716      0.0338
         29   CSCO    -0.1485        -11.8001      0.0126
         29   TECH    -0.3334        -12.0812      0.0276
         29    IQV    -0.2777        -15.8354      0.0175
         29   NBIX    -0.4229        -17.9451      0.0236
         29   INCY    -0.3846        -21.4434      0.0179
         29   BNTX    -0.7280        -22.8195      0.0319
         29    DKS    -0.9400        -35.3815      0.0266
         29   ILMN    -0.9263        -40.8822      0.0227
         29   LULU    -1.2380        -67.9484      0.0182
         29   ROST    -1.0876        -76.3587      0.0142
         30    NLY     0.4871         32.8228      0.0148
         30   AGNC     0.3310         27.3105      0.0121
         30   CSGP     0.3431         15.0775      0.0228
         30   CARR     0.1533          7.2939      0.0210
         30    TEL    -0.1373         -7.5875      0.0181
         30    UNP    -0.1298         -8.8764      0.0146
         30    CAT    -0.1683         -9.9398      0.0169
         30    GEN    -0.1606        -10.2729      0.0156
         30    TMO    -0.1539        -10.5539      0.0146
         30     BK    -0.2195        -12.4848      0.0176
         30    VTV    -0.1370        -14.7406      0.0093
         30    XLI    -0.1866        -16.4035      0.0114
         30      V    -0.2066        -16.4801      0.0125
         30    XYL    -0.2569        -17.2577      0.0149
         30   SCHV    -0.1682        -17.4243      0.0097
         30   VFLO    -0.1738        -17.4897      0.0099
         30    IWD    -0.1884        -19.4741      0.0097
         30    ACM    -0.3169        -19.5492      0.0162
         30    VYM    -0.1891        -19.9104      0.0095
         30   VONV    -0.1938        -20.0585      0.0097
         30    ADP    -0.3290        -25.1135      0.0131
         30   DGRO    -0.2269        -25.1170      0.0090
         30   RDVY    -0.2972        -25.3806      0.0117
         30     MA    -0.3230        -25.6630      0.0126
         30   FNDX    -0.2756        -27.2383      0.0101
         30    CSX    -0.4459        -27.3765      0.0163
         30    RSP    -0.2809        -27.8777      0.0101
         30   FERG    -0.5724        -28.4287      0.0201
         30   SPYV    -0.2705        -28.8399      0.0094
         30    IVE    -0.2726        -28.9700      0.0094
         30    KIM    -0.4989        -29.3231      0.0170
         30    NSC    -0.4331        -30.5121      0.0142
         30   IUSV    -0.2886        -30.9790      0.0093
         30   NTRS    -0.6114        -32.6883      0.0187
         30      A    -0.6696        -34.1776      0.0196
         30   COWZ    -0.3830        -34.3471      0.0111
         30    VIG    -0.3332        -34.7389      0.0096
         30    DIS    -0.6954        -35.9712      0.0193
         30      J    -0.4652        -36.4509      0.0128
         30    DAL    -1.3571        -37.3651      0.0363
         30    UAL    -1.4193        -38.3497      0.0370
         30    GPN    -0.7364        -38.6676      0.0190
         30    HST    -0.8249        -39.4308      0.0209
         30    HLT    -0.7762        -39.4592      0.0197
         30    BRX    -0.5683        -40.5345      0.0140
         30    MAR    -0.9272        -49.2677      0.0188
         30   GMED    -1.0394        -57.9086      0.0179
         30   TROW    -1.0425        -60.1808      0.0173
         31   USFR     0.4721       2497.0018      0.0002
         31   TFLO     0.3232       1966.0924      0.0002
         31   BSCP     0.3175        831.9786      0.0004
         31    CCI     1.2142         38.9055      0.0312
         31   ULTA    -0.1325         -2.9009      0.0457
         32   JNPR     0.0834         12.2811      0.0068
         32  LBRDK    -0.0152         -0.7537      0.0202
         32    UPS    -0.0357         -2.1432      0.0167
         32  CMCSA    -0.1695         -8.7295      0.0194
         32   CHTR    -0.3386        -18.1056      0.0187
         33   RYAN     0.4628         30.5887      0.0151
         33    UMC     0.6563         30.3872      0.0216
         33   BERY     0.0049          0.3409      0.0142
         33    HYG    -0.0134         -4.6630      0.0029
         33   HYLB    -0.0145         -4.9653      0.0029
         33    DRI    -0.1551         -7.3837      0.0210
         33    WMG    -0.1428         -7.8199      0.0183
         33   FOXA    -0.1551         -9.2322      0.0168
         33    WBD    -0.3953        -12.4305      0.0318
         33   USHY    -0.0381        -13.7465      0.0028
         33    FOX    -0.2442        -13.9864      0.0175
         33   AMCR    -0.2121        -14.7597      0.0144
         33   TXRH    -0.3048        -15.1282      0.0202
         33      Z    -0.4508        -15.8595      0.0284
         33    VNO    -0.5519        -17.0002      0.0325
         33   SPHY    -0.0496        -17.4553      0.0028
         33   SHYG    -0.0467        -18.0206      0.0026
         33   ADBE    -0.9657        -23.4573      0.0412
         33   MIDD    -0.4523        -23.6450      0.0191
         33    BXP    -0.5020        -24.0800      0.0208
         33   SJNK    -0.0650        -24.8121      0.0026
         33    JNK    -0.0787        -26.3623      0.0030
         33   EXAS    -0.8478        -28.0620      0.0302
         33    PLD    -0.5567        -32.3466      0.0172
         33    CDW    -0.5405        -34.3999      0.0157
         33    SHW    -0.4434        -35.0292      0.0127
         33   SNAP    -1.1608        -38.6387      0.0300
         33    WSM    -1.0547        -38.6814      0.0273
         33   AAPL    -0.9124        -46.7431      0.0195
         33     HD    -0.9181        -58.4482      0.0157
         33    TJX    -0.7721        -73.3923      0.0105
         33    KMX    -1.2763        -74.0155      0.0172
         33    ACN    -1.0369        -79.7386      0.0130
         33   JAAA    -0.1602       -190.9767      0.0008
         34   BOXX     0.5858       2563.2184      0.0002
         34   FLOT     0.3820        826.4386      0.0005
         34   DOCU     0.3215          6.5849      0.0488
         34    GLW     0.0925          4.7814      0.0193
         34     TT     0.0391          2.3894      0.0164
         34    APG     0.0362          1.5689      0.0231
         34   TRMB     0.0286          1.3515      0.0212
         34     VT    -0.0623         -5.3543      0.0116
         34   ACWI    -0.0765         -6.5868      0.0116
         34   CGGO    -0.1151         -9.0269      0.0128
         34   MSFT    -0.1854        -11.3499      0.0163
         34   CGDV    -0.1077        -11.4306      0.0094
         34   ORCL    -0.4435        -14.4816      0.0306
         34   MANH    -0.4342        -14.6734      0.0296
         34    JBL    -0.4174        -16.9040      0.0247
         34   TCAF    -0.2056        -18.5596      0.0111
         34   ALLY    -0.3915        -18.9432      0.0207
         34    CNM    -0.3713        -19.5382      0.0190
         34   PYPL    -0.4638        -19.5561      0.0237
         34   PAVE    -0.2961        -19.5852      0.0151
         34     RY    -0.3442        -20.0148      0.0172
         34   DYNF    -0.2843        -21.1310      0.0135
         34   UPRO    -0.8236        -22.4044      0.0368
         34   SPXL    -0.8334        -23.0385      0.0362
         34    SSO    -0.5692        -23.1367      0.0246
         34    EMR    -0.4703        -23.3321      0.0202
         34    XLG    -0.3491        -23.8962      0.0146
         34    PKG    -0.4596        -24.0668      0.0191
         34   FELC    -0.3062        -24.1962      0.0127
         34   JEPI    -0.2025        -24.3762      0.0083
         34   BUFR    -0.2073        -24.4702      0.0085
         34    IWB    -0.3205        -24.9995      0.0128
         34    VOO    -0.3126        -25.1469      0.0124
         34    SPY    -0.3169        -25.3990      0.0125
         34   ESGU    -0.3275        -25.4289      0.0129
         34    IVV    -0.3164        -25.4763      0.0124
         34   SPLG    -0.3145        -25.5006      0.0123
         34   ITOT    -0.3334        -25.6175      0.0130
         34   SCHB    -0.3318        -25.9276      0.0128
         34   GNRC    -0.5817        -26.0001      0.0224
         34   SCHX    -0.3391        -26.4986      0.0128
         34     OC    -0.6423        -26.5346      0.0242
         34    VTI    -0.3391        -26.5967      0.0127
         34    FPE    -0.0659        -26.9513      0.0024
         34    XLC    -0.3396        -26.9966      0.0126
         34    IWR    -0.3629        -28.3867      0.0128
         34   SCHM    -0.4155        -29.9275      0.0139
         34   DFAC    -0.3657        -30.8408      0.0119
         34   DUHP    -0.3579        -31.4211      0.0114
         34    MDY    -0.4087        -31.5127      0.0130
         34   CGUS    -0.3452        -31.5718      0.0109
         34    AME    -0.4132        -31.5820      0.0131
         34   SPHQ    -0.3396        -31.6629      0.0107
         34   SPMD    -0.4117        -31.7688      0.0130
         34     VB    -0.4536        -32.1854      0.0141
         34    IJH    -0.4181        -32.5909      0.0128
         34   VTWO    -0.4549        -33.3108      0.0137
         34    CMI    -0.7144        -33.5672      0.0213
         34    IWM    -0.4591        -34.0967      0.0135
         34   SCHA    -0.4850        -34.2816      0.0141
         34    FTV    -0.4990        -34.4401      0.0145
         34   QUAL    -0.4034        -34.6301      0.0116
         34   ALGN    -0.8923        -34.6749      0.0257
         34    DIA    -0.3602        -34.7120      0.0104
         34    IWN    -0.4315        -35.1911      0.0123
         34   FNDA    -0.4733        -37.4702      0.0126
         34   SDVY    -0.5013        -37.7052      0.0133
         34   DFSV    -0.5130        -39.9544      0.0128
         34   SPSM    -0.5633        -42.9074      0.0131
         34    IJR    -0.5781        -44.1455      0.0131
         34   AVUV    -0.5641        -44.2213      0.0128
         34    XLY    -0.7243        -46.2549      0.0157
         34   BKLN    -0.2457       -188.3159      0.0013
         34   SRLN    -0.3656       -253.2680      0.0014
         35   HTHT     0.5525         28.8898      0.0191
         35    STM    -0.0836         -2.5241      0.0331
         35   APTV    -0.0563         -3.0773      0.0183
         35   GRMN    -0.0861         -3.6305      0.0237
         35   WYNN    -0.1708         -6.9243      0.0247
         35    RBA    -0.1948        -10.9185      0.0178
         35   PCOR    -0.5288        -14.7028      0.0360
         35   MCHP    -0.5386        -15.4656      0.0348
         35   NXPI    -0.4433        -16.5515      0.0268
         35    ADI    -0.4370        -18.0012      0.0243
         35   ABNB    -0.7591        -23.4644      0.0324
         35    TXN    -0.5887        -28.5057      0.0207
         35     ON    -0.9130        -30.5346      0.0299
         36    BRO     1.1077        132.0762      0.0084
         36    ADC     0.9343         90.1054      0.0104
         36   VRSN     0.8905         85.9779      0.0104
         36    AMT     0.8931         57.0178      0.0157
         36    MMC     0.4050         47.6156      0.0085
         36   VICI     0.3535         27.7072      0.0128
         36    OHI     0.4837         27.4100      0.0176
         36    WPC     0.3635         27.3629      0.0133
         36    ROL     0.3287         27.0651      0.0121
         36   SBAC     0.3274         23.5859      0.0139
         36    SNN     0.3986         20.5293      0.0194
         36    DOC     0.2478         20.0083      0.0124
         36   INVH     0.2401         15.8500      0.0151
         36    NNN     0.1846         15.0724      0.0122
         36    MAA     0.1629         14.1197      0.0115
         36   SPLV     0.0858          9.8536      0.0087
         36    ARE    -0.0005         -0.0303      0.0178
         36    AMH    -0.0018         -0.1101      0.0167
         36   USMV    -0.0091         -1.2132      0.0075
         36    ELS    -0.0278         -2.2608      0.0123
         36    UDR    -0.0601         -4.8524      0.0124
         36    SUI    -0.1349         -7.7590      0.0174
         36   SPYD    -0.0866         -8.8099      0.0098
         36   SCHD    -0.0992        -10.1158      0.0098
         36   CUBE    -0.1737        -11.4212      0.0152
         36    XLV    -0.0939        -12.4051      0.0076
         36   NOBL    -0.1377        -13.8631      0.0099
         36    CPT    -0.1674        -14.1164      0.0119
         36    EXR    -0.5858        -34.8859      0.0168
         36    ECL    -0.4462        -36.6705      0.0122
         36   CTAS    -0.4861        -37.9578      0.0128
         36    EQR    -0.4524        -40.6633      0.0111
         37    AON     0.4819         58.9116      0.0082
         37   WELL     0.3693         26.2224      0.0141
         37    VTR     0.3183         20.4524      0.0156
         37    ALC     0.0000          0.0002      0.0176
         37     FI    -0.0968         -5.4158      0.0179
         37    IYR    -0.1068         -8.9156      0.0120
         37   XLRE    -0.1185        -10.0310      0.0118
         37   SCHH    -0.1168        -10.3421      0.0113
         37    VNQ    -0.1278        -10.7556      0.0119
         37    SYK    -0.2265        -16.9004      0.0134
         37   SBUX    -0.5913        -27.4270      0.0216
         37    REG    -0.3711        -27.4781      0.0135
         37    IHI    -0.5392        -51.7363      0.0104
         38    SHV     0.5347       3708.0333      0.0001
         38   MINT     0.4081       1866.8091      0.0002
         38    RSG     0.4146         41.8571      0.0099
         38    MDT     0.5455         38.0941      0.0143
         38     WM     0.2907         27.6717      0.0105
         38    WCN     0.2141         21.8130      0.0098
         38     WY    -0.1680        -10.4982      0.0160
         38   UWMC    -0.4052        -14.8249      0.0273
         39    PGR     1.1646        112.5603      0.0103
         39  BRK-B     1.0646         84.8905      0.0125
         39    FNF     1.2079         76.6849      0.0157
         39    ALL     1.0477         67.2609      0.0156
         39    HIG     0.7561         65.3894      0.0116
         39    AIG     0.9522         63.9076      0.0149
         39    TRV     0.8050         62.1690      0.0129
         39     CB     0.8562         60.3950      0.0142
         39      L     0.5575         52.1440      0.0107
         39    WRB     0.6360         51.1835      0.0124
         39    RTX     0.6066         48.4229      0.0125
         39   CINF     0.7188         47.7299      0.0151
         39    ORI     0.5677         46.5533      0.0122
         39   ACGL     0.5007         40.2549      0.0124
         39    AFL     0.3934         30.5152      0.0129
         40   EVRG     1.1167        115.7370      0.0096
         40    CNP     1.3852        113.9294      0.0122
         40    DTE     1.0234         99.0213      0.0103
         40    PNW     0.8083         70.5999      0.0114
         40    PCG     0.9719         63.9071      0.0152
         40    OGE     0.6534         62.6150      0.0104
         40    AEE     0.6085         49.8206      0.0122
         40    PPL     0.6171         49.5960      0.0124
         40     TW     0.5855         42.7300      0.0137
         40    OKE     0.7345         39.4410      0.0186
         40    LNT     0.4248         36.6263      0.0116
         40     NI     0.4314         32.7405      0.0132
         40    ATO     0.3666         31.3289      0.0117
         40    XEL     0.3609         27.9295      0.0129
         40    STX    -0.4574        -20.4193      0.0224
         41      K     0.3361        204.4221      0.0016
         41    PBA     0.7262         47.9994      0.0151
         41   MNST     0.5803         38.4387      0.0151
         41    AES     0.9023         28.8522      0.0313
         41    EIX     0.4114         21.2963      0.0193
         41    GFL     0.1753          9.5445      0.0184
         41    HLN     0.0952          6.0633      0.0157
         42   OTIS     0.2767         23.4805      0.0118
         42    CCK     0.1735         10.8254      0.0160
         42     DE     0.1602          8.0148      0.0200
         42    CNH     0.1801          6.4100      0.0281
         42    GPC     0.0297          1.7206      0.0173
         42   ALLE     0.0095          0.4950      0.0192
         42   FAST    -0.0517         -2.6944      0.0192
         42    AOS    -0.0918         -5.7190      0.0160
         42    STZ    -0.1307         -7.0390      0.0186
         42    TXT    -0.1714         -9.7193      0.0176
         42   RVTY    -0.2355        -11.7045      0.0201
         42    ITW    -0.2271        -11.8132      0.0192
         42    GGG    -0.1642        -12.1447      0.0135
         42    PFE    -0.1713        -14.6311      0.0117
         42    SWK    -0.4553        -19.9240      0.0229
         42   FBIN    -0.4726        -24.4064      0.0194
         42     EL    -0.8114        -27.2670      0.0298
         42   PCAR    -0.6846        -29.4777      0.0232
         42    BBY    -1.0552        -31.6010      0.0334
         42    FND    -0.9258        -34.6495      0.0267
         42    MAS    -0.5780        -35.6617      0.0162
         42   MOAT    -0.3920        -37.3795      0.0105
         42   BLDR    -0.9726        -40.0936      0.0243
         42    LOW    -0.8521        -53.8096      0.0158
         43    WBA     0.5685         15.3493      0.0370
         43   LDOS     0.0123          0.6906      0.0178
         43    ALB    -0.2444         -8.0825      0.0302
         43    BAH    -0.2462         -9.1189      0.0270
         43   MTCH    -0.3568        -15.6807      0.0228
         43    GFS    -0.5162        -16.7768      0.0308
         43   ENPH    -0.7053        -20.0612      0.0352
         43    OMC    -0.3868        -23.5668      0.0164
         43    IPG    -0.4755        -26.9279      0.0177
         43   TTEK    -0.6347        -32.2352      0.0197
         43   ODFL    -0.9430        -42.1830      0.0224
         43    NKE    -0.8191        -45.9404      0.0178
         44    BIL     0.7168       7111.0069      0.0001
         44   PARA     0.5134         29.3977      0.0175
         44      O     0.1408         11.0407      0.0127
         44    HON     0.0379          3.0383      0.0125
         44    NYT     0.0093          0.5252      0.0178
         44   CHRW     0.0005          0.0233      0.0195
         44   VLTO    -0.0080         -0.5455      0.0146
         44    IBM    -0.0243         -1.2483      0.0195
         44    BDX    -0.0502         -4.2823      0.0117
         44   SWKS    -0.1636         -4.5873      0.0357
         44   EBAY    -0.1350         -5.4687      0.0247
         44   PAYX    -0.1224         -7.3232      0.0167
         44   BALL    -0.1442         -8.0579      0.0179
         44   EXPD    -0.2492        -12.9095      0.0193
         44   SIRI    -0.5370        -17.3481      0.0310
         44    GAP    -1.1166        -22.3467      0.0500
         44    EFX    -0.5295        -29.9995      0.0176
         44    TER    -1.3872        -30.0251      0.0462
         44   ARCC    -0.4467        -31.7812      0.0141
         44   HOLX    -0.7050        -37.6116      0.0187
         44    PTC    -0.6592        -42.6475      0.0155
         45   VRTX     0.9387         69.9434      0.0134
         45   XPEV     1.4647         24.9375      0.0587
         45   NTES     0.4557         24.8926      0.0183
         45    NIO     0.3793          6.6149      0.0573
         45    FIS     0.0906          4.4786      0.0202
         45     LI     0.0679          1.3685      0.0496
         46   ABEV     2.0317        107.6802      0.0189
         46    ERJ     1.9601         67.8870      0.0289
         46   YUMC     0.9214         44.6366      0.0206
         46    UNM     0.3967         19.6614      0.0202
         46     FE     0.3154         13.5078      0.0234
         46   VTRS    -0.8609        -29.8539      0.0288
         47   SGOV     0.8683       7089.8602      0.0001
         47     PM     0.5674         38.1938      0.0149
         47    KDP     0.3680         24.7471      0.0149
         47   CCEP     0.2105         15.5612      0.0135
         47   BEPC     0.2905         13.8533      0.0210
         48    ICL     0.8177         35.5431      0.0230
         48    MOS     0.7629         34.4694      0.0221
         48    NTR     0.1655          9.0868      0.0182
         48    CNC    -0.2201        -11.9718      0.0184
         48     CF    -0.3173        -17.3994      0.0182
         49    ELV     0.9435         56.5506      0.0167
         49   RPRX     0.5003         47.6366      0.0105
         49    UNH     0.3610         20.2228      0.0178
         50   ITCI     1.6706        110.8116      0.0151
         50    TAK     1.0845        104.9964      0.0103
         50    EDR    -0.1681         -5.7169      0.0294
         51    BTI     1.3033        103.1563      0.0126
         51    AUR     0.2240          2.9857      0.0750
         51    WST    -0.3819         -7.9684      0.0479
         51    MGM    -0.4541        -14.5507      0.0312
         51   GEHC    -0.5760        -35.2871      0.0163
         51    TTD    -2.2215        -46.1091      0.0482
         52    TRP     1.3525        124.7511      0.0108
         52     AM     0.7027         41.5681      0.0169
         52    ENB     0.4591         34.9020      0.0132
         52    WAB     0.2905         16.7529      0.0173
         52    MSI    -0.0789         -5.4993      0.0143
         52   GDDY    -0.1200         -5.5361      0.0217
         53   INSM     0.7025         33.0545      0.0213
         53   ROIV     0.1205          6.5450      0.0184
         53    XBI    -0.0855         -6.5091      0.0131
         53    HUM    -0.1289         -6.6298      0.0194
         53    IBB    -0.1173        -12.3441      0.0095
         53   SRPT    -0.8307        -38.0679      0.0218
         54    TTE     1.8651        233.7246      0.0080
         54   HALO     1.6601        148.4740      0.0112
         54   GUNR     0.7472         86.4013      0.0086
         54    EDU     0.4508         13.2805      0.0339
         54      F     0.1697          8.0910      0.0210
         54    PPG     0.1054          6.5025      0.0162
         54    LYB     0.0818          4.4021      0.0186
         54     GM     0.0831          3.2713      0.0254
         54    DOW    -0.0050         -0.2310      0.0216
         54     DD    -0.1238         -7.6511      0.0162
         54    XLB    -0.0881         -8.0121      0.0110
         54   CTVA    -0.1276         -9.4246      0.0135
         54   STLA    -0.3230         -9.7768      0.0330
         54    MGA    -0.3960        -15.1256      0.0262
         54   ARMK    -0.2736        -17.4851      0.0156
         54    BEN    -0.3568        -18.6921      0.0191
         54     IR    -0.4610        -24.9479      0.0185
         54    EMN    -0.5507        -27.9855      0.0197
         54   CALF    -0.7789        -64.1257      0.0121
         55   FYBR     0.2685        113.5450      0.0024
         55    CVS     0.8245         39.3708      0.0209
         55   JAZZ     0.6145         38.6151      0.0159
         55    LIN     0.3294         33.3756      0.0099
         55    HII     1.0261         30.3990      0.0338
         55    ACI     0.2639         13.5085      0.0195
         55    NVO    -0.6462        -20.3248      0.0318
         55   DLTR    -0.7450        -23.4337      0.0318
         55    IFF    -0.2953        -23.8955      0.0124
         55    DEO    -0.4141        -25.8354      0.0160
         55    APD    -0.5997        -39.4957      0.0152
         56    DHR     0.0361          2.1291      0.0170
         56   QGEN    -0.0901         -5.9184      0.0152
         56   PCVX    -0.1812         -6.3617      0.0285
         56    RCI    -0.1122        -10.4925      0.0107
         56   BURL    -0.6649        -18.2135      0.0365
         57   VEEV     0.2479          9.4072      0.0263
         57    AMX    -0.0272         -1.9764      0.0137
         57    PHM    -0.3646        -20.1483      0.0181
         57    DHI    -0.4497        -23.0130      0.0195
         57    LEN    -0.5373        -28.1224      0.0191
         57    TOL    -0.7826        -39.8402      0.0196
         57   JBHT    -0.8830        -52.2508      0.0169
         58    RIO     0.8973         63.8647      0.0140
         58     EA     0.6940         40.4834      0.0171
         58    ZTO     0.3811         19.2707      0.0198
         58    BHP     0.1263          8.9289      0.0141
         58    LVS    -0.4980        -25.6689      0.0194
         58    RDY    -0.2754        -26.0154      0.0106
         58   CTSH    -0.5163        -37.9801      0.0136
         59    YUM     0.5540         35.5717      0.0156
         59   GLPI     0.3666         34.0029      0.0108
         59   CHKP     0.5566         28.0746      0.0198
         59    QSR     0.0888          6.0528      0.0147
         59     XP     0.0976          3.3317      0.0293
         59    MLI    -0.0527         -2.8771      0.0183
         59    MCD    -0.0999         -6.2247      0.0160
         59    GPK    -0.3313        -18.7655      0.0177
         59   AVTR    -0.6592        -19.3861      0.0340
         59    THC    -0.5253        -22.5057      0.0233
         59    TGT    -1.4803        -85.5163      0.0173
         60   ALTR     0.3832        240.3937      0.0016
         60    LKQ     0.2942         19.0485      0.0154
         60    BAX     0.3108         15.1317      0.0205
         60      U    -0.7867        -12.9087      0.0609
         60    HAS    -0.4907        -19.8052      0.0248

=== SCORING DETAILS (1-20) ===
        sharpe_zscores_Sharpe 3d  sharpe_zscores_Sharpe 5d  sharpe_zscores_Sharpe 10d  sharpe_zscores_Sharpe 15d  sharpe_zscores_Sharpe 30d  sharpe_zscores_Sharpe 60d  sortino_zscores_Sortino 3d  sortino_zscores_Sortino 5d  sortino_zscores_Sortino 10d  sortino_zscores_Sortino 15d  sortino_zscores_Sortino 30d  sortino_zscores_Sortino 60d  omega_zscores_Omega 3d  omega_zscores_Omega 5d  omega_zscores_Omega 10d  omega_zscores_Omega 15d  omega_zscores_Omega 30d  omega_zscores_Omega 60d  momentum_zscores_Perf 3D %  momentum_zscores_Perf Week %  momentum_zscores_Perf Month %  momentum_zscores_Perf Quart %  sma_zscores_SMA20 %  sma_zscores_SMA50 %  sma_zscores_SMA200 %  volatility_zscores_Volatility W %  volatility_zscores_Volatility M %  sharpe_raw_Sharpe 3d  sharpe_raw_Sharpe 5d  sharpe_raw_Sharpe 10d  sharpe_raw_Sharpe 15d  sharpe_raw_Sharpe 30d  sharpe_raw_Sharpe 60d  sortino_raw_Sortino 3d  sortino_raw_Sortino 5d  sortino_raw_Sortino 10d  sortino_raw_Sortino 15d  sortino_raw_Sortino 30d  sortino_raw_Sortino 60d  omega_raw_Omega 3d  omega_raw_Omega 5d  omega_raw_Omega 10d  omega_raw_Omega 15d  omega_raw_Omega 30d  omega_raw_Omega 60d  momentum_raw_Perf 3D %  momentum_raw_Perf Week %  momentum_raw_Perf Month %  momentum_raw_Perf Quart %  sma_raw_SMA20 %  sma_raw_SMA50 %  sma_raw_SMA200 %  volatility_raw_Volatility W %  volatility_raw_Volatility M %  composite_score  cluster
Ticker                                                                                                                                                                                                                                                                                                                                                                                                                                                                                                                                                                                                                                                                                                                                                                                                                                                                                                                                                                                                                                                                                                                                                                                                                                                                                                                                                                                                                                          
AAPL                      0.0046                   -1.1743                    -1.4747                    -1.9457                    -0.6982                    -1.1740                     -0.4664                     -0.2082                      -1.0023                      -1.3031                      -0.6831                      -1.0491                 -0.4654                 -0.2067                  -0.8474                  -1.0638                  -0.7125                  -0.9695                     -1.4369                       -2.2757                        -0.5799                        -0.7589              -1.3577              -0.7173               -0.4727                             0.4254                            -0.1040               -3.4209              -10.6096                -8.4257                -8.0973                -2.8380                -2.4062                 -5.2437                -10.3560                  -8.2416                  -7.9894                  -3.3148                  -2.9231              0.5329              0.2230               0.2389               0.2667               0.6203               0.6701                 -3.3282                  -10.7000                    -9.8700                   -13.8400          -9.3800          -9.1300           -6.2700                         3.7000                         2.6500          -0.9124       33
NVDA                      0.0075                    1.7288                     1.1399                     0.1115                     0.4137                     0.0214                     -0.4566                     -0.1735                       0.8382                      -0.0626                       0.2175                      -0.0855                 -0.4645                 -0.2024                   0.7747                  -0.1418                   0.1607                  -0.1254                      3.4660                        2.3829                        -0.3145                        -0.4566               0.2497              -0.3424               -0.3499                             0.9816                             1.4621               10.5851               17.0463                 3.0386                -1.2318                 0.4263                -0.2448                371.3951                677.7190                   4.8328                  -1.5621                   0.5639                  -0.3083             34.0865             86.3846               1.6381               0.8259               1.0704               0.9588                 11.8805                    7.9700                    -7.2200                    -9.9200          -1.2700          -5.9000           -4.6800                         4.6500                         5.3700           0.3776       15
MSFT                      0.0062                    0.5146                     0.4538                    -0.2524                    -0.6183                    -1.1958                     -0.4659                     -0.2070                       0.1646                      -0.4011                      -0.6908                      -1.0965                 -0.4653                 -0.2066                   0.0411                  -0.3903                  -0.6550                  -1.0441                      0.3232                        0.0922                        -0.0932                        -0.6440               0.1089              -0.3296               -0.6372                            -0.4060                            -0.3343                4.1176                5.4796                 0.0303                -2.4462                -2.6036                -2.4457                 13.0064                 14.4380                   0.0474                  -3.3156                  -3.3480                  -3.0515              2.1587              2.8190               1.0053               0.6752               0.6500               0.6445                  2.1317                   -1.2100                    -5.0100                   -12.3500          -1.9800          -5.7900           -8.4000                         2.2800                         2.2500          -0.1854       34
AMZN                      0.0051                    0.2964                    -0.2006                    -0.6756                    -1.5441                    -1.2326                     -0.4663                     -0.2074                      -0.3416                      -0.6256                      -1.2550                      -1.0859                 -0.4654                 -0.2067                  -0.3680                  -0.5865                  -1.0624                  -0.9636                     -0.1410                        0.2320                        -0.9464                        -0.6201              -0.5530              -0.8868               -0.0441                             0.0331                             0.2127               -1.1004                3.4011                -2.8393                -3.8587                -5.3214                -2.5121                 -2.0043                  5.4600                  -3.5483                  -4.4789                  -5.7778                  -3.0229              0.8214              1.6879               0.6524               0.5562               0.4400               0.6721                  0.6918                   -0.6500                   -13.5300                   -12.0400          -5.3200         -10.5900           -0.7200                         3.0300                         3.2000          -0.4699       19
GOOG                      0.0049                   -0.0812                     0.3700                    -0.7518                    -1.4954                    -1.1159                     -0.4664                     -0.2077                       0.0958                      -0.6838                      -1.1912                      -0.9816                 -0.4654                 -0.2067                  -0.0244                  -0.5972                  -1.1085                  -0.9358                     -0.0455                       -0.7611                        -0.5528                        -0.4735              -0.3628              -0.8775               -0.4001                            -0.1660                            -0.1213               -2.1081               -0.1964                -0.3376                -4.1129                -5.1787                -2.3012                 -3.5496                 -0.3056                  -0.4413                  -4.7805                  -5.5033                  -2.7399              0.6838              0.9707               0.9488               0.5497               0.4162               0.6816                  0.9881                   -4.6300                    -9.6000                   -10.1400          -4.3600         -10.5100           -5.3300                         2.6900                         2.6200          -0.4488       19
GOOGL                     0.0048                   -0.1028                     0.3194                    -0.7953                    -1.5040                    -1.1296                     -0.4664                     -0.2077                       0.0563                      -0.7080                      -1.1913                      -0.9875                 -0.4654                 -0.2067                  -0.0628                  -0.6220                  -1.1171                  -0.9503                     -0.0790                       -0.8060                        -0.5799                        -0.5113              -0.3985              -0.9158               -0.4287                            -0.1309                            -0.1098               -2.5110               -0.4017                -0.5591                -4.2581                -5.2038                -2.3259                 -4.1039                 -0.6160                  -0.7219                  -4.9060                  -5.5035                  -2.7560              0.6344              0.9409               0.9157               0.5347               0.4118               0.6766                  0.8839                   -4.8100                    -9.8700                   -10.6300          -4.5400         -10.8400           -5.7000                         2.7500                         2.6400          -0.4726       19
META                      0.0048                    0.1552                    -0.4454                    -0.6189                    -0.7990                    -0.0184                     -0.4664                     -0.2076                      -0.4946                      -0.6030                      -0.7616                      -0.1288                 -0.4654                 -0.2067                  -0.4757                  -0.5330                  -0.7253                  -0.1444                     -0.2345                       -0.3270                        -1.2178                         0.1628              -0.9158              -0.4910                0.5181                             0.5659                             0.4833               -2.5540                2.0554                -3.9127                -3.6694                -3.1341                -0.3168                 -4.1612                  3.0651                  -4.6351                  -4.3619                  -3.6531                  -0.4258              0.6293              1.3862               0.5595               0.5887               0.6138               0.9523                  0.4015                   -2.8900                   -16.2400                    -1.8900          -7.1500          -7.1800            6.5600                         3.9400                         3.6700          -0.3906       11
BRK-B                     0.0282                    1.1772                     0.6844                     1.2469                     1.5635                     1.6374                      2.1471                     -0.2009                       0.3712                       1.0398                       1.8410                       1.7341                  2.1472                 -0.2060                   0.2924                   1.0599                   1.8992                   1.6964                      0.8281                        1.3498                         1.3189                         1.1778               1.2427               1.2736                1.0587                            -0.4763                            -0.4782              110.0741               11.7920                 1.0413                 2.5573                 3.8021                 2.6772             100000.0000                134.4094                   1.5151                   4.1495                   7.5563                   4.6289         100000.0000             13.9379               1.2220               1.5549               1.9666               1.5821                  3.6977                    3.8300                     9.0900                    11.2700           3.7400           8.0200           13.5600                         2.1600                         2.0000           1.0646       39
AVGO                      0.0057                    1.1529                     0.8844                     0.1272                    -0.2790                    -0.6275                     -0.4661                     -0.2061                       0.5946                      -0.0727                      -0.4154                      -0.6013                 -0.4654                 -0.2065                   0.4695                  -0.1332                  -0.4290                  -0.6774                      0.5603                        0.4690                        -1.3210                         1.3737              -0.1923              -0.8555                0.6123                             0.8001                             1.2375                2.0690               11.5601                 1.9183                -1.1794                -1.6073                -1.4181                  5.0731                 31.2435                   3.1020                  -1.6144                  -2.1618                  -1.7079              1.4520              4.9363               1.3748               0.8312               0.7665               0.7700                  2.8671                    0.3000                   -17.2700                    13.8100          -3.5000         -10.3200            7.7800                         4.3400                         4.9800          -0.1089       15
TSM                       0.0044                    0.2418                     0.5619                    -0.4179                    -0.9629                    -0.4465                     -0.4664                     -0.2074                       0.2601                      -0.4591                      -0.8854                      -0.4730                 -0.4654                 -0.2067                   0.1279                  -0.4723                  -0.8318                  -0.5096                      0.2243                       -0.0300                        -1.1587                        -0.4088              -0.6561              -1.1062               -0.4187                            -0.2655                             0.2818               -4.2017                2.8812                 0.5041                -2.9984                -3.6151                -1.0907                 -6.1146                  5.1601                   0.7259                  -3.6163                  -4.1863                  -1.3598              0.4553              1.6501               1.0801               0.6255               0.5589               0.8274                  1.8249                   -1.7000                   -15.6500                    -9.3000          -5.8400         -12.4800           -5.5700                         2.5200                         3.3200          -0.3155       19
TSLA                      0.0056                    1.0925                    -0.1987                    -0.9650                    -1.5134                    -1.7999                     -0.4662                     -0.2061                      -0.3178                      -0.7992                      -1.2449                      -1.5476                 -0.4654                 -0.2065                  -0.4091                  -0.7451                  -1.0828                  -1.2843                      2.3483                       -0.8110                        -2.1662                        -2.5961              -2.2774              -3.0136               -0.8821                             2.9547                             2.0954                1.3853               10.9847                -2.8311                -4.8243                -5.2315                -3.5379                  3.1607                 32.2555                  -3.3791                  -5.3783                  -5.7346                  -4.2755              1.2816              5.0638               0.6170               0.4600               0.4295               0.5623                  8.4136                   -4.8300                   -25.7100                   -37.6600         -14.0200         -28.9100          -11.5700                         8.0200                         6.4700          -0.9307       24
LLY                       0.0047                   -0.5765                    -1.7923                    -0.6527                     0.3220                     0.5055                     -0.4664                     -0.2080                      -1.1325                      -0.5982                       0.1336                       0.3308                 -0.4654                 -0.2067                  -0.8814                  -0.5840                   0.0733                   0.3146                     -0.7779                       -1.2153                        -0.2734                         0.4428              -0.8741               0.1057               -0.3693                            -0.0020                             0.0284               -2.8958               -4.9150                -9.8184                -3.7820                 0.1570                 0.6306                 -4.6039                 -6.1355                  -9.1669                  -4.3371                   0.2028                   0.8213              0.5898              0.4218               0.2095               0.5578               1.0254               1.1094                 -1.2839                   -6.4500                    -6.8100                     1.7400          -6.9400          -2.0400           -4.9300                         2.9700                         2.8800          -0.3768       10
WMT                       0.0055                   -0.8763                    -2.4634                    -0.8973                    -0.9073                    -0.7433                     -0.4662                     -0.2081                      -1.3253                      -0.8423                      -0.8411                      -0.7098                 -0.4654                 -0.2067                  -0.9704                  -0.6970                  -0.8207                  -0.7102                     -1.1345                       -1.3400                        -1.3560                        -0.4419              -1.4370              -0.8845                0.2911                             0.0272                            -0.1443                0.9371               -7.7702               -12.7611                -4.5984                -3.4520                -1.6275                  2.0450                 -8.3027                 -10.5364                  -5.6018                  -3.9953                  -2.0025              1.1822              0.2562               0.1328               0.4892               0.5646               0.7587                 -2.3902                   -6.9500                   -17.6200                    -9.7300          -9.7800         -10.5700            3.6200                         3.0200                         2.5800          -0.7692       12
JPM                       0.0064                   -0.0413                    -1.5822                    -1.4496                    -1.1557                    -0.1014                     -0.4658                     -0.2077                      -1.1133                      -1.1255                      -1.0207                      -0.1912                 -0.4653                 -0.2067                  -0.8386                  -0.9148                  -0.9675                  -0.2278                      0.1003                       -0.6189                        -1.1547                        -0.0223              -1.1318              -0.7754                0.1690                            -0.0196                            -0.1098                5.0888                0.1838                -8.8973                -6.4418                -4.1811                -0.4669                 18.6181                  0.4180                  -9.0300                  -7.0693                  -4.7689                  -0.5952              2.6586              1.0320               0.2464               0.3571               0.4889               0.9238                  1.4402                   -4.0600                   -15.6100                    -4.2900          -8.2400          -9.6300            2.0400                         2.9400                         2.6400          -0.5283       12
V                         0.0050                   -0.7895                    -1.9998                    -0.7378                    -0.2109                     0.7516                     -0.4663                     -0.2081                      -1.1741                      -0.6614                      -0.3181                       0.5770                 -0.4654                 -0.2067                  -0.9438                  -0.6610                  -0.3815                   0.5645                     -0.3970                       -0.5840                        -0.1523                         0.7883              -0.4183               0.1580                0.9228                            -0.3475                            -0.5358               -1.6332               -6.9437               -10.7283                -4.0663                -1.4074                 1.0755                 -2.8515                 -7.5276                  -9.4621                  -4.6645                  -1.7429                   1.4893              0.7460              0.2880               0.1557               0.5110               0.7910               1.1948                 -0.1024                   -3.9200                    -5.6000                     6.2200          -4.6400          -1.5900           11.8000                         2.3800                         1.9000          -0.2066       30
SPY                       0.0058                    0.0401                    -0.5253                    -0.9626                    -0.9109                    -0.9436                     -0.4661                     -0.2076                      -0.5689                      -0.8524                      -0.8656                      -0.8727                 -0.4654                 -0.2067                  -0.5100                  -0.6978                  -0.8037                  -0.8085                      0.0356                       -0.1747                        -0.2644                        -0.2028              -0.2359              -0.2402               -0.1198                            -0.5290                            -0.6740                2.3145                0.9592                -4.2632                -4.8165                -3.4624                -1.9896                  5.8315                  1.8358                  -5.1633                  -5.6540                  -4.1009                  -2.4443              1.5195              1.1678               0.5299               0.4888               0.5734               0.7251                  1.2394                   -2.2800                    -6.7200                    -6.6300          -3.7200          -5.0200           -1.7000                         2.0700                         1.6600          -0.3169       34
VOO                       0.0058                    0.0358                    -0.5359                    -0.9684                    -0.9105                    -0.9488                     -0.4661                     -0.2076                      -0.5760                      -0.8562                      -0.8656                      -0.8772                 -0.4653                 -0.2067                  -0.5150                  -0.7004                  -0.8019                  -0.8103                      0.0257                       -0.1747                        -0.2654                        -0.2044              -0.2399              -0.2414               -0.1198                            -0.6402                            -0.7028                2.3901                0.9182                -4.3095                -4.8357                -3.4614                -1.9990                  6.0734                  1.7658                  -5.2130                  -5.6739                  -4.1007                  -2.4566              1.5411              1.1612               0.5256               0.4871               0.5743               0.7245                  1.2087                   -2.2800                    -6.7300                    -6.6500          -3.7400          -5.0300           -1.7000                         1.8800                         1.6100          -0.3126       34
IVV                       0.0058                    0.0341                    -0.5380                    -0.9649                    -0.9121                    -0.9513                     -0.4661                     -0.2076                      -0.5793                      -0.8577                      -0.8689                      -0.8806                 -0.4653                 -0.2067                  -0.5148                  -0.6991                  -0.8047                  -0.8115                      0.0353                       -0.1648                        -0.2634                        -0.2051              -0.2359              -0.2391               -0.1206                            -0.5583                            -0.6855                2.3868                0.9019                -4.3187                -4.8239                -3.4660                -2.0036                  6.0627                  1.7279                  -5.2371                  -5.6817                  -4.1153                  -2.4657              1.5401              1.1574               0.5257               0.4879               0.5728               0.7241                  1.2387                   -2.2400                    -6.7100                    -6.6600          -3.7200          -5.0100           -1.7100                         2.0200                         1.6400          -0.3164       34
XOM                       0.0070                   -0.0420                     1.2429                     0.5844                     0.8949                     0.5426                     -0.4646                     -0.2077                       1.0589                       0.3373                       0.7205                       0.3953                 -0.4652                 -0.2067                   0.9035                   0.2391                   0.7023                   0.3483                      0.4452                        1.0529                         0.8332                         0.2561               0.9235               0.6212               -0.1399                            -0.0606                            -0.2134                8.3317                0.1772                 3.4902                 0.3462                 1.8390                 0.6976                 64.6477                  0.3232                   6.4007                   0.5099                   2.7304                   0.9962              6.7593              1.0344               1.7491               1.0570               1.3496               1.1209                  2.5101                    2.6400                     4.2400                    -0.6800           2.1300           2.4000           -1.9600                         2.8700                         2.4600           0.4282       28
MA                        0.0058                   -0.5593                    -1.8814                    -0.8481                    -0.5881                     0.0543                     -0.4661                     -0.2080                      -1.1679                      -0.7443                      -0.6227                      -0.0675                 -0.4653                 -0.2067                  -0.9008                  -0.6985                  -0.6483                  -0.0969                     -0.2512                       -0.4792                        -0.2474                         0.2885              -0.4203              -0.0208                0.4463                            -0.3065                            -0.5243                2.5698               -4.7506               -10.2089                -4.4344                -2.5149                -0.1853                  6.6656                 -6.1491                  -9.4182                  -5.0943                  -3.0548                  -0.2595              1.5938              0.4515               0.1928               0.4883               0.6534               0.9686                  0.3499                   -3.5000                    -6.5500                    -0.2600          -4.6500          -3.1300            5.6300                         2.4500                         1.9200          -0.3230       30